terrain
  hills-height2.png
  hills-texture.png

points
  266.153 181.914 35.7072 11.9521
  261.36 143.45 30.1346 9.70783
  241.331 125.208 28.0225 6.05746
  210.284 123.913 21.9259 5.96694
  180.562 136.458 21.4392 2.05838
  171.869 167.381 21.3177 6.87974
  182.407 216.261 25.5509 4.82658
  245.85 263.553 23.3495 5.96365
  299.817 271.213 16.0345 1.79298
  327.701 174.29 18.2589 2.50561
  300.89 98.9446 14.7136 1.35609
  229.98 55.9578 13.553 1.2357
  30.7142 109.817 3.20001 1.4915
  8.49869 144.124 2.35272 12.8
  99.9753 272.207 7.11407 24.5312
  236.958 177.142 46.1553 15.3158
